5353
53
53
53
53
37955
37955
67
68
53
53
53
53
53
53
53
53
53
53
53
53
5353
38974
38974
53756
53756
58684
58684
38974
53756
53756
5353
38974
38974
38974
53
53
53
53
53
53
5353
38974
51801
51801
57152
57152
53
53
53
38974
51801
51801
38974
43755
43755
5353
60838
60838
53
53
53
38974
57863
57863
5353
5353
48101
48101
53
53
53
38974
48180
48180
5353
5353
5353
5353
5353
5353
5353
53
53
53
53
53
53
38974
38974
37000
37000
37000
37000
5353
5353
5353
53
53
53
38974
33412
33412
53
53
53
53
53
53
38974
51551
51551
